 Diamond Structure  Fd3m; #227, peak-a,pit-b=4bar3m;pass-c,pale-d=3barm
  10.0000  10.0000  10.0000       0.       .0       0.
             0.  1  0  0             0.  0  1  0             0.  0  0  1
                 0  0  1                 1  0  0                 0  1  0
                 0  1  0                 0  0  1                 1  0  0
                 1  0  0                 0  0  1                 0  1  0
                 0  1  0                 1  0  0                 0  0  1
                 0  0  1                 0  1  0                 1  0  0
             0.  1  0  0             0.  0 -1  0                 0  0 -1
                 0  0  1                -1  0  0                 0 -1  0 
                 0  1  0                 0  0 -1                -1  0  0
                 1  0  0                 0  0 -1                 0 -1  0 
                 0  1  0                -1  0  0                 0  0 -1
                 0  0  1                 0 -1  0                -1  0  0
             0. -1  0  0                 0  1  0                 0  0 -1
                 0  0 -1                 1  0  0                 0 -1  0
                 0 -1  0                 0  0  1                -1  0  0
                -1  0  0                 0  0  1                 0 -1  0
                 0 -1  0                 1  0  0                 0  0 -1
                 0  0 -1                 0  1  0                -1  0  0
             0. -1  0  0                 0 -1  0                 0  0  1
                 0  0 -1                -1  0  0                 0  1  0
                 0 -1  0                 0  0 -1                 1  0  0
                -1  0  0                 0  0 -1                 0  1  0
                 0 -1  0                -1  0  0                 0  0  1
                 0  0 -1                 0 -1  0                 1  0  0
           0.25 -1  0  0            .25  0 -1  0            .25  0  0 -1
            .25  0  0 -1            .25 -1  0  0            .25  0 -1  0
            .25  0 -1  0            .25  0  0 -1            .25 -1  0  0
            .25 -1  0  0            .25  0  1  0            .25  0  0  1
            .25  0  0 -1            .25  1  0  0            .25  0  1  0
            .25  0 -1  0            .25  0  0  1            .25  1  0  0
           0.25  1  0  0            .25  0 -1  0            .25  0  0  1
            .25  0  0  1            .25 -1  0  0            .25  0  1  0
            .25  0  1  0            .25  0  0 -1            .25  1  0  0
            .25  1  0  0            .25  0  1  0            .25  0  0 -1
            .25  0  0  1            .25  1  0  0            .25  0 -1  0
            .25  0  1  0            .25  0  0  1            .25 -1  0  0
           0.25 -1  0  0            .25  0  0 -1            .25  0 -1  0
            .25  0 -1  0            .25 -1  0  0            .25  0  0 -1
            .25  0  0 -1            .25  0 -1  0            .25 -1  0  0
            .25 -1  0  0            .25  0  0  1            .25  0  1  0
            .25  0 -1  0            .25  1  0  0            .25  0  0  1
            .25  0  0 -1            .25  0  1  0            .25  1  0  0
           0.25  1  0  0            .25  0  0 -1            .25  0  1  0
            .25  0  1  0            .25 -1  0  0            .25  0  0  1
            .25  0  0  1            .25  0 -1  0            .25  1  0  0
            .25  1  0  0            .25  0  0  1            .25  0 -1  0
            .25  0  1  0            .25  1  0  0            .25  0  0 -1
1           .25  0  0  1            .25  0  1  0            .25 -1  0  0
  Peak                            .0       .0       .0    
      .10                                                     7
  Peak                            .0       .5       .5
      .10                                                     7
  Peak                            .5       .0       .5    
      .10                                                     7
  Peak                            .5       .5       .0
      .10                                                     7
  Pit                             .5       .5       .5
      .05                                                     7
  Pit                             .5       .0       .0
      .05                                                     7
  Pit                             .0       .5       .0
      .05                                                     7
  Pit                             .0       .0       .5
      .05                                                     7
  Pass                          .125     .125     .125
      .20      .05   155501   166601   155501   165501        7
  Pass                          .125     .625     .625 
      .20      .05   155501   166601   155501   165501        7
  Pass                          .625     .125     .625
      .20      .05   155501   166601   155501   165501        7
  Pass                          .625     .625     .125
      .20      .05   155501   166601   155501   165501        7
  Pale                          .625     .625     .625
      .03      .15   155501   166601   155501   165501        7
  Pale                          .625     .125     .125  
      .03      .15   155501   166601   155501   165501        7
  Pale                          .125     .625     .125
      .03      .15   155501   166601   155501   165501        7
  Pale                          .125     .125     .625
1     .03      .15   155501   166601   155501   165501        7
      201
      301      7.3      8.5       12      2.5
      404   555501   555501        1       16      .26      .26      .26
      405       13       16        9       12      3.6
      405        9       12        1        4      4.6
      501   155501   155501   166601   155501   156501                 1
      502        2       25        3      -18        1       10
      503        2      2.5
      604       0.       0.       0.     4.00
     1101
  2  1001        
  2        1  4  9 12  4   2.0   2.3   .07
  2        5  8 13 16  2   2.0   2.3   .05
           9 12 13 16  1   3.4   3.6   .03   
  1   715        4        0        1        0
                                   1        8
  1   712
                                   9       16
  2   812
  2        1  4  9 12  4   2.0   2.3   .07
  2        5  8 13 16  2   2.0   2.3   .05
           9 12 13 16  1   3.4   3.6   .03
  3   902   555501                 0     2.50      .14        0        0
Diamond Critical Net
     1102
      202      2.5
      503        2     -2.5
     1103
      202      
       -1
