J.C.TAYLOR,N.H.MUELLER,R.L.HITTERMAN  /  THORIUM NITRATE PENTAHYDRATE
   11.191   22.889   10.579      90.      90.      90.
            .00  1  0  0            .00  0  1  0            .00  0  0  1
            .00 -1  0  0            .00  0 -1  0            .00  0  0  1
            .25 -1  0  0            .25  0  1  0            .25  0  0  1
            .25  1  0  0            .25  0 -1  0            .25  0  0  1
            .00  1  0  0            .50  0  1  0            .50  0  0  1
            .00 -1  0  0            .50  0 -1  0            .50  0  0  1
            .25 -1  0  0            .75  0  1  0            .75  0  0  1
            .25  1  0  0            .75  0 -1  0            .75  0  0  1
            .50  1  0  0            .00  0  1  0            .50  0  0  1
            .50 -1  0  0            .00  0 -1  0            .50  0  0  1
            .75 -1  0  0            .25  0  1  0            .75  0  0  1
            .75  1  0  0            .25  0 -1  0            .75  0  0  1
            .50  1  0  0            .50  0  1  0            .00  0  0  1
            .50 -1  0  0            .50  0 -1  0            .00  0  0  1
            .75 -1  0  0            .75  0  1  0            .25  0  0  1
1           .75  1  0  0            .75  0 -1  0            .25  0  0  1
          2.020000 1.000000 0.750000 0.250000 0.750000
 0.001411 0.000281 0.002382 0.000020 0.000000 0.000000
          3.760000 1.000000 1.014600 0.244500 0.800700
 0.001545 0.000661 0.003895-0.000038-0.000448-0.000023
          3.760000 1.000000 0.797900 0.173900 0.521600
 0.002974 0.000508 0.003248 0.000065 0.000454-0.000094
          2.308000 1.000000 0.946700 0.204300 0.841900
 0.003213 0.000609 0.005061-0.000156-0.000183 0.000436
  O2      2.308000 1.000000 0.538800 0.210200 0.754400
 0.001939 0.000419 0.008223-0.000014 0.000432-0.000446
  O3      2.308000 1.000000 0.378200 0.259400 0.802600
 0.001395 0.001373 0.006382 0.000129 0.000435-0.000689
          2.308000 1.000000 0.881600 0.195100 0.590200
 0.002734 0.000885 0.004927 0.000222-0.000001-0.000808
          2.308000 1.000000 0.817200 0.142900 0.428600
 0.005407 0.000923 0.003964-0.000126 0.001327-0.000691
          2.308000 1.000000 0.693200 0.187900 0.559400
 0.003215 0.000840 0.004164 0.000109 0.000025-0.000750
  O7      1.154000 1.000000 0.750000 0.250000 0.980500
 0.007977 0.000727 0.003180-0.001191 0.000000 0.000000
          2.308000 1.000000 0.743100 0.146500 0.816900
 0.002991 0.000321 0.006435-0.000069 0.000361 0.000369
         -1.512000 1.000000 0.767600 0.214600 1.033000
 0.008473 0.001343 0.004761 0.001278-0.000849 0.000005
         -1.512000 1.000000 0.669700 0.125200 0.837500
 0.005137 0.001096 0.005601-0.000315 0.001787 0.000378
         -1.512000 1.000000 0.811200 0.118000 0.803500
 0.004703 0.001778 0.006369 0.000543 0.000359 0.000632
  N1      3.760000 1.000000 0.485400 0.255500 0.800700
 0.001545 0.000661 0.003895-0.000038 0.000448 0.000023
  N2      3.760000 1.000000 0.702100 0.326100 0.521600
 0.002974 0.000508 0.003248 0.000065-0.000454 0.000094
  O1      2.308000 1.000000 0.553300 0.295700 0.841900
 0.003213 0.000609 0.005061-0.000156 0.000183-0.000436
  O2      2.308000 1.000000 0.961200 0.289800 0.754400
 0.001939 0.000419 0.008223-0.000014-0.000432 0.000446
  O3      2.308000 1.000000 1.121800 0.240600 0.802600
 0.001395 0.001373 0.006382 0.000129-0.000435 0.000689
  O4      2.308000 1.000000 0.618400 0.304900 0.590200
 0.002734 0.000885 0.004927 0.000222 0.000001 0.000808
  O5      2.308000 1.000000 0.682800 0.357100 0.428600
 0.005407 0.000923 0.003964-0.000126-0.001327 0.000691
  O6      2.308000 1.000000 0.806800 0.312100 0.559400
 0.003215 0.000840 0.004164 0.000109-0.000025 0.000750
  O8      2.308000 1.000000 0.756900 0.353500 0.816900
 0.002991 0.000321 0.006435-0.000069-0.000361-0.000369
  H1     -1.512000 1.000000 0.732400 0.285400 1.033000
 0.008473 0.001343 0.004761 0.001278 0.000849 0.000005
  H2     -1.512000 1.000000 0.830300 0.374800 0.837500
 0.005137 0.001096 0.005601-0.000315-0.001787-0.000378
  H3     -1.512000 1.000000 0.688800 0.382000 0.803500
10.004703 0.001778 0.006369 0.000543-0.000359-0.000632
      201                                                                
      301      4.0      6.0       12      1.0                            
      410                                                                
      401   155501 -2655501                                              
      501   155501   155501   176501   155501   155601                   
      502        3        7                                              
      604                                                                
      503        2      2.5                                              
      601      1.8
     1101                                                                
  2  1001                                                                
  2        1  1  2 26  1   2.4   2.7   .02   .08   .08   .08   .15     0 
           1 26  1 26  3    .7   1.5   .04                               
      705        4        0        1        0      .10               -.2 
  2   812                                                                
  2        1  1  2 26  1   2.4   2.7   .02   .08   .08   .08   .15     0 
           1 26  1 26  3    .7   1.5   .04                               
  3   902   155501                       1.15      .09                   
THORIUM NITRATE PENTAHYDRATE                       
     1102                                                                
      503        2     -2.5                                              
      202      2.5                                                       
     1103                                                                
      202                                                                
       -1                                                                
