 TELLURIUM TETRATHIOUREA BIFLUORIDE AFTER LS 3, 30 NOV 73 C.K. Johnson (unpub)
   22.351    7.914   10.151      0.0  -.01265      0.0
             .0  1  0  0             .0  0  1  0             .0  0  0  1
             .0 -1  0  0             .0  0 -1  0             .0  0  0 -1
             .0 -1  0  0             .0  0  1  0             .5  0  0 -1
             .0  1  0  0             .0  0 -1  0             .5  0  0  1
             .5  1  0  0             .5  0  1  0             .5  0  0  1
             .5 -1  0  0             .5  0 -1  0             .5  0  0 -1
             .5 -1  0  0             .5  0  1  0             .0  0  0 -1
1            .5  1  0  0             .5  0 -1  0             .0  0  0  1
  TE      0.562475 1.000000 0.0      0.0      0.0      0.0
 0.000904 0.010586 0.005293 0.000042-0.000266-0.001058           0  0  0
  S1      0.278198 2.000000 0.088325-0.175229-0.111470 0.0
 0.001225 0.015262 0.005345 0.001081-0.000241-0.001557           0  0  0
  S2      0.278198 2.000000 0.043973 0.286560-0.106244 0.0
 0.001388 0.011937 0.006585 0.000138-0.000133 0.000590           0  0  0
  C1      0.661000 2.000000 0.144324-0.195586 0.007454 0.0
 0.001025 0.012993 0.006156 0.000129-0.000122 0.000930           0  0  0
  C2      0.661000 2.000000 0.094539 0.339162 0.019493 0.0
 0.001212 0.010392 0.006714-0.000090 0.000127-0.000052           0  0  0
  N1      0.919486 2.000000 0.192982-0.280481-0.023995 0.0
 0.001250 0.020394 0.008652 0.001493-0.000013 0.001393           0  0  0
  N2      0.919486 2.000000 0.139376-0.132737 0.127083 0.0
 0.001587 0.021506 0.006214 0.000522-0.000575-0.001555           0  0  0
  N3      0.919486 2.000000 0.148588 0.273357 0.022641 0.0
 0.001253 0.018952 0.011999 0.000817-0.000327-0.003992           0  0  0
  N4      0.919486 2.000000 0.078729 0.445041 0.112650 0.0
 0.001956 0.015503 0.007435 0.001272-0.000318-0.002340           0  0  0
  F1      0.552906 2.000000 0.221916-0.107576 0.334296 0.0
 0.001575 0.021484 0.009767-0.001231-0.000662 0.002717           0  0  0
  F2      0.552906 2.000000 0.297338 0.057768 0.266512 0.0
 0.003040 0.033733 0.010604-0.005727-0.000933 0.004565           0  0  0
  HFF    -0.367484 2.000000 0.258780-0.021574 0.297949 0.0
 0.002216 0.022698 0.010041-0.001995-0.001044 0.001919           0  0  0
  H1A    -0.367466 2.000000 0.224973-0.304990 0.044925 0.0
 0.001506 0.027748 0.011431 0.001014-0.000587 0.003214           0  0  0
  H1B    -0.367466 2.000000 0.196308-0.332794-0.114265 0.0
 0.002043 0.027397 0.010607 0.002682 0.000433-0.000936           0  0  0
  H2A    -0.367466 2.000000 0.172709-0.141340 0.195776 0.0
 0.001971 0.026478 0.009095 0.000179-0.001070-0.000096           0  0  0
  H2B    -0.367466 2.000000 0.102407-0.067905 0.151124 0.0
 0.002516 0.034616 0.010411 0.002950-0.000540-0.006420           0  0  0
  H3A    -0.367466 2.000000 0.177430 0.307867 0.095622 0.0
 0.001811 0.028746 0.015817 0.000412-0.001534-0.003942           0  0  0
  H3B    -0.367466 2.000000 0.162598 0.197607-0.051620 0.0
 0.002039 0.027985 0.015248 0.001805 0.000037-0.006967           0  0  0
  H4A    -0.367466 2.000000 0.108775 0.477063 0.184621 0.0
 0.003108 0.025746 0.011554 0.000977-0.001961-0.006312           0  0  0
  H4B    -0.367466 2.000000 0.038282 0.501317 0.108214 0.0
 0.002476 0.025173 0.012342 0.003100-0.000541-0.004406           0  0  0
                                  .5      .25      .5
1
      201                                                                
      301      8.0      6.0       12      1.0                            
      501   155505   155501   165501   155501   156501                 1 
      404   155505   155505        1       11      .51      .51      .26 
      406        2       12        2       20     1.75                   
      405       10       11       12       20      2.3                   
      401   155501  -166601                                              
      604                                                                
      503        2      2.7                                              
      601      4.0
     1101                                                                
     1001                                                                
  1   821   155501   165501   155501   156501   155501   155601          
  1         166601   156601   166601   165601   166601   166501          
  1         166501   156501   166501   165501   165601   155601          
  2         165601   165501   156601   155601   156601   156501          
           1  1  1  1  1   0.0   20.   .01                               
  2   822                                                                
  2        1  1  2  3  1   2.0   3.0   .04                               
  2        2 11  2 11  3   1.2   1.9   .05                               
  2        2 11 12 20  3   0.8   1.3   .05                               
          10 11 12 20  1   1.7   2.2   .02                               
  1   714                                          .06                   
                                   1       11                            
  1   714                                          .06     -.02          
                                  12       20                            
  2   812                                                                
  2        1  1  2  3  1   2.0   3.0   .04                               
  2        2 11  2 11  3   1.2   1.9   .05                               
  2        2 11 12 20  3   0.8   1.3   .05                               
          10 11 12 20  1   1.7   2.2   .02                               
  1   811   155501   165501   155501   156501   155501   155601          
  1         166601   156601   166601   165601   166601   166501          
  1         166501   156501   166501   165501   165601   155601          
  2         165601   165501   156601   155601   156601   156501          
           1  1  1  1  1   0.0   20.   .01                               
  3   902   155505                        1.0      .12                   
TETRATHIOUREA-TELLURIUM(II) DI(HYDROGENFLUORIDE)             
     1102                                                                
      202
       -1
