A.HYBL / PROPOSED MODEL FOR V-AMYLOSE    P6 SUB 5
     13.0     13.0      8.0      90.      90.     120.
             .0  1  0  0             .0  0  1  0             .0  0  0  1
             .0  0  1  0             .0 -1  1  0    .1666666667  0  0  1
             .0 -1  1  0             .0 -1  0  0    .3333333333  0  0  1
             .0 -1  0  0             .0  0 -1  0    .5000000000  0  0  1
             .0  0 -1  0             .0  1 -1  0    .6666666667  0  0  1
1            .0  1 -1  0             .0  1  0  0    .8333333333  0  0  1
                              -3.959   -3.300    0.890        2
      .15                                                     7
                              -3.246   -4.340    1.756        2
      .15                                                     7
                              -1.720   -4.218    1.583        2
      .15                                                     7
                              -1.376   -4.386    0.108        2
      .15                                                     7
                              -2.166   -3.360   -0.736        2
      .15                                                     7
                              -1.970   -3.597   -2.208        2
      .15                                                     7
  O2                          -3.635   -4.141    3.131        2
      .25                                                     7
  O3                          -1.059   -5.251    2.324        2
      .25                                                     7
  O4                          -0.003   -4.083   -0.000        2
      .25                                                     7
  O5                          -3.576   -3.518   -0.466        2
      .25                                                     7
  O6                          -2.661   -2.629   -2.992        2
      .25                                                     7
ORIGIN                         .0000    .0000   1.0000
1
      201
      301      6.4      6.8      15.      1.2
      401   155501 -1155606   155701 -1155701
      501  1255501   155501   165501   155501   156501
      604                                 1.2
      601               3.5
      503        2      2.5
     1101
  2  1001
  2        1 11  1 11  1   1.0   1.8   .05
  2        7  7 11 11  1   2.5   2.7   .02
           7  7  8  8  1   2.8   2.9   .02
      714                                              
  2   812
  2        1 11  1 11  1   1.0   1.8   .05
  2        7  7 11 11  1   2.5   2.7   .02
           7  7  8  8  1   2.8   2.9   .02
  3   902  1255501              3.15      0.8      .08
PROPOSED MODEL FOR V-AMYLOSE
     1102
      202      2.4
      503        2     -2.5
     1103
      202
       -1

