alpha Fe - Im3m peak=a-m3m; pit=b-4/mmm; pass=c-3barm; pale=d-4bar2m
  10.0000  10.0000  10.0000       0.       .0       0.
             0.  1  0  0             0.  0  1  0             0.  0  0  1
                 0  0  1                 1  0  0                 0  1  0
                 0  1  0                 0  0  1                 1  0  0
                 1  0  0                 0  0  1                 0  1  0
                 0  1  0                 1  0  0                 0  0  1
                 0  0  1                 0  1  0                 1  0  0
             0.  1  0  0             0.  0 -1  0             0.  0  0 -1
                 0  0 -1                 1  0  0                 0 -1  0
                 0 -1  0                 0  0 -1                 1  0  0
                 1  0  0                 0  0 -1                 0 -1  0
                 0 -1  0                 1  0  0                 0  0 -1
                 0  0 -1                 0 -1  0                 1  0  0
             0. -1  0  0             0.  0  1  0             0.  0  0 -1
                 0  0 -1                -1  0  0                 0  1  0
                 0  1  0                 0  0 -1                -1  0  0
                -1  0  0                 0  0 -1                 0  1  0
                 0  1  0                -1  0  0                 0  0 -1
                 0  0 -1                 0  1  0                -1  0  0
             0. -1  0  0             0.  0 -1  0             0.  0  0  1
                 0  0  1                -1  0  0                 0 -1  0
                 0 -1  0                 0  0  1                -1  0  0
                -1  0  0                 0  0  1                 0 -1  0
                 0 -1  0                -1  0  0                 0  0  1
                 0  0  1                 0 -1  0                -1  0  0
             0. -1  0  0             0.  0 -1  0             0.  0  0 -1
                 0  0 -1                -1  0  0                 0 -1  0
                 0 -1  0                 0  0 -1                -1  0  0
                -1  0  0                 0  0 -1                 0 -1  0
                 0 -1  0                -1  0  0                 0  0 -1
                 0  0 -1                 0 -1  0                -1  0  0
             0. -1  0  0             0.  0  1  0             0.  0  0  1
                 0  0  1                -1  0  0                 0  1  0
                 0  1  0                 0  0  1                -1  0  0
                -1  0  0                 0  0  1                 0  1  0
                 0  1  0                -1  0  0                 0  0  1
                 0  0  1                 0  1  0                -1  0  0
             0.  1  0  0             0.  0 -1  0             0.  0  0  1
                 0  0  1                 1  0  0                 0 -1  0
                 0 -1  0                 0  0  1                 1  0  0
                 1  0  0                 0  0  1                 0 -1  0
                 0 -1  0                 1  0  0                 0  0  1
                 0  0  1                 0 -1  0                 1  0  0
             0.  1  0  0             0.  0  1  0             0.  0  0 -1
                 0  0 -1                 1  0  0                 0  1  0
                 0  1  0                 0  0 -1                 1  0  0
                 1  0  0                 0  0 -1                 0  1  0
                 0  1  0                 1  0  0                 0  0 -1
1                0  0 -1                 0  1  0                 1  0  0
a-Peak           1                .0       .0       .0
      .15                                                     7
a-Peak           1                .5       .5       .5
      .15                                                     7
b-Pit            4                .0       .5       .5
      .05                                                     7
b-Pit            4                .5       .0       .0
      .05                                                     7
c-Pass           2               .25      .25      .25
      .20      .05   155501   555501                          7
c-Pass           2               .75      .75      .75
      .20      .05   255501   655501                          7
d-Pale           3               .25      .00      .50
      .05      .20   355502   755501                          7
d-Pale           3               .75      .50      .00
1     .05      .20   355503   855501                          7
      101        1        8        1        8      5.0
      201
      301      4.0      5.0       12      0.8
      401   355501   455502
      405        3        4        7        8      2.6
      405        7        8        5        6      3.6
      405        5        6        1        2      5.0
      405        7        8        3        4      2.6
      501   555501   155501   165501   155501   156501                 1
      502        2      100        1       20        3      -93
      503        2      2.5
      604       0.       0.       0.      4.0
     1101
  2  1001                 1
  2        1  1  2  2  4   1.0   5.1   .05
  2        2  2  3  3  1   1.0   3.6   .02
           3  3  4  4  2   1.0   4.2   .04
  1   715        4        0        1        0
                                   1        1        1
  1   715        4        0        1        0
                                   4        4        1
  1   712
                                   2        3        1
  2   812                 1
  2        1  1  2  2  4   1.0   5.1   .05
  2        2  2  3  3  1   1.0   3.6   .02
           3  3  4  4  2   1.0   4.2   .04
  3   902   455602                 0     0.50      .10        0        0
BODY-CENTERED CUBIC
     1102
      202      2.5
      503        2     -2.5
     1103
      202
       -1
