FCC CU Fm3m peak-a=m3m; pit-b,c=m3m,4bar3m; pass-d=mmm; pale-f=3m
  10.0000  10.0000  10.0000       0.       .0       0.
             0.  1  0  0             0.  0  1  0             0.  0  0  1
                 0  0  1                 1  0  0                 0  1  0
                 0  1  0                 0  0  1                 1  0  0
                 1  0  0                 0  0  1                 0  1  0
                 0  1  0                 1  0  0                 0  0  1
                 0  0  1                 0  1  0                 1  0  0
             0.  1  0  0             0.  0 -1  0             0.  0  0 -1
                 0  0 -1                 1  0  0                 0 -1  0
                 0 -1  0                 0  0 -1                 1  0  0
                 1  0  0                 0  0 -1                 0 -1  0
                 0 -1  0                 1  0  0                 0  0 -1
                 0  0 -1                 0 -1  0                 1  0  0
             0. -1  0  0             0.  0  1  0             0.  0  0 -1
                 0  0 -1                -1  0  0                 0  1  0
                 0  1  0                 0  0 -1                -1  0  0
                -1  0  0                 0  0 -1                 0  1  0
                 0  1  0                -1  0  0                 0  0 -1
                 0  0 -1                 0  1  0                -1  0  0
             0. -1  0  0             0.  0 -1  0             0.  0  0  1
                 0  0  1                -1  0  0                 0 -1  0
                 0 -1  0                 0  0  1                -1  0  0
                -1  0  0                 0  0  1                 0 -1  0
                 0 -1  0                -1  0  0                 0  0  1
                 0  0  1                 0 -1  0                -1  0  0
             0. -1  0  0             0.  0 -1  0             0.  0  0 -1
                 0  0 -1                -1  0  0                 0 -1  0
                 0 -1  0                 0  0 -1                -1  0  0
                -1  0  0                 0  0 -1                 0 -1  0
                 0 -1  0                -1  0  0                 0  0 -1
                 0  0 -1                 0 -1  0                -1  0  0
             0. -1  0  0             0.  0  1  0             0.  0  0  1
                 0  0  1                -1  0  0                 0  1  0
                 0  1  0                 0  0  1                -1  0  0
                -1  0  0                 0  0  1                 0  1  0
                 0  1  0                -1  0  0                 0  0  1
                 0  0  1                 0  1  0                -1  0  0
             0.  1  0  0             0.  0 -1  0             0.  0  0  1
                 0  0  1                 1  0  0                 0 -1  0
                 0 -1  0                 0  0  1                 1  0  0
                 1  0  0                 0  0  1                 0 -1  0
                 0 -1  0                 1  0  0                 0  0  1
                 0  0  1                 0 -1  0                 1  0  0
             0.  1  0  0             0.  0  1  0             0.  0  0 -1
                 0  0 -1                 1  0  0                 0  1  0
                 0  1  0                 0  0 -1                 1  0  0
                 1  0  0                 0  0 -1                 0  1  0
                 0  1  0                 1  0  0                 0  0 -1
1                0  0 -1                 0  1  0                 1  0  0
  Peak           1                .0       .0       .0
      .15                                                     7
  Peak           1                .0       .5       .5
      .15                                                     7
  Peak           1                .5       .0       .5
      .15                                                     7
  Peak           1                .5       .5       .0
      .15                                                     7
b Pit            4                .5       .5       .5
      .05                                                     7
b Pit            4                .5       .0       .0
      .05                                                     7
b Pit            4                .0       .5       .0
      .05                                                     7
b Pit            4                .0       .0       .5
      .05                                                     7
c Pit            4               .25      .25      .25
      .05                                                     7
c Pit            4               .25      .75      .75
      .05                                                     7
c Pit            4               .75      .25      .75
      .05                                                     7
c Pit            4               .75      .75      .25
      .05                                                     7
  Pass           2               .25      .25      .00
      .15      .05   155501   455501                          7
  Pass           2               .75      .75      .00
      .15      .05   155501   455501                          7
  Pass           2               .75      .25      .50
      .15      .05   155501   455501                          7
  Pass           2               .25      .75      .50
      .15      .05   155501   455501                          7
  Pale           3            .33333   .33333   .33333
      .05      .15   155501   555501                          7
  Pale           3            .33333   .83333   .83333
      .05      .15   155501   555501                          7
  Pale           3            .83333   .33333   .83333
      .05      .15   155501   555501                          7
  Pale           3            .83333   .83333   .33333
      .05      .15   155501   555501                          7
center                          .750     .750     .750
1     .02                                                     7
      201
      301      6.7      8.5       12      2.5
      401   555501   955501
      405        5        9       17       20      3.0
      405       17       20       13       16      3.2
      405       13       16        1        4      3.6
      501   555501   155501   165501   155501   156501                 1
      502        3      -120       1      135        3      -35
      502        2       20        1       20        3       -5
      502        2       40        3       30
      503        2      2.5
      604       0.       0.       0.     4.00
     1101
  2  1001                 1
  2        1  1  2  2  4   1.0   5.1   .05
  2        2  2  3  3  1   1.0   3.2   .02
           3  3  4  4  2   1.0   4.2   .04
  1   705        4        0        1        0
                                   1        1        1
  1   705        4        0        1        0
                                   4        4        1
  1   702
                                   2        3        1
  2   802                 1
  2        1  1  2  2  4   1.0   5.1   .05
  2        2  2  3  3  1   1.0   3.2   .02
           3  3  4  4  2   1.0   4.2   .04
  3   902   555501                 0     2.00      .12        0        0
FACE-CENTERED CUBIC
     1102
      202      2.5
      503        2     -2.5
     1103
      202
       -1
