Graphite - P6sub3/mmc #194;pk=b2.c2;pt=f4;ps=a2,h6;pl=d2,g6
    3.684    3.684     10.0      90.      90.     120.
             0.  1  0  0             0.  0  1  0             0.  0  0  1
                 0 -1  0                 1 -1  0                 0  0  1
                -1  1  0                -1  0  0                 0  0  1
                 0 -1  0                -1  0  0                 0  0  1
                 1  0  0                 1 -1  0                 0  0  1
                -1  1  0                 0  1  0                 0  0  1
             0. -1  0  0             0.  0 -1  0             0.  0  0 -1
                 0  1  0                -1  1  0                 0  0 -1
                 1 -1  0                 1  0  0                 0  0 -1
                 0  1  0                 1  0  0                 0  0 -1
                -1  0  0                -1  1  0                 0  0 -1
                 1 -1  0                 0 -1  0                 0  0 -1
             0. -1  0  0             0.  0 -1  0             .5  0  0  1
                 0  1  0                -1  1  0             .5  0  0  1
                 1 -1  0                 1  0  0             .5  0  0  1
                 0  1  0                 1  0  0             .5  0  0  1
                -1  0  0                -1  1  0             .5  0  0  1
                 1 -1  0                 0 -1  0             .5  0  0  1
             0.  1  0  0             0.  0  1  0             .5  0  0 -1
                 0 -1  0                 1 -1  0             .5  0  0 -1
                -1  1  0                -1  0  0             .5  0  0 -1
                 0 -1  0                -1  0  0             .5  0  0 -1
                 1  0  0                 1 -1  0             .5  0  0 -1
1               -1  1  0                 0  1  0             .5  0  0 -1
b2Peak                            .0       .0      .25
      .10                                                     7
c2Peak                     .33333333 .6666667      .25
      .10                                                     7
f4Pit                      .33333333 .6666667     -.03
      .05                                                     7
a2Pass                            .0       .0       .0
      .15      .03   155501   155601                          7
h6Pass                     .16666667 .3333333      .25
      .15      .03   255501   267501                          7
d2Pale                     .33333333 .6666667      .75
      .03      .13   355501   655501   355501   666601        7
g6Pale                            .5       .5       .0
      .03      .13   755501   355501                          7
center                            .5       .5       .0
1     .01                                                     7
      101        1        7        1        7      3.5                   
      201                                                                
      301      7.2      8.5       12      2.6                            
      401   355501   366507                                              
      405        3        3        6        7      2.3                   
      405        7        7        4        5      2.8                   
      405        7        7        1        2      2.8                   
      405        4        5        1        2      2.8                   
      501   855501   155501   165501   155501   156501                 1 
      502        1       90        2      -15        1       20          
      503        2      2.5                                              
      604       0.       0.       0.     3.00                            
     1101                                                                
  2  1001                                                                
  2        1  2  4  5  4   0.5   2.6   .04                               
  2        3  3  6  7  2   0.5   2.3   .03                               
           4  5  6  7  1   1.8   2.8   .02                               
  1   715        4        0        1        0                            
                                   1        3                            
  1   712                                                                
                                   4        7                            
  2   812                                                                
  2        1  2  4  5  4   0.5   2.6   .04                               
  2        3  3  6  7  2   0.5   2.3   .03                               
           4  5  6  7  1   1.8   2.8   .02                               
  3   902   855501                 0     3.0      .10        0         0
Graphite Critical Net
     1102                                                                
      202      2.3                                                       
      503        2     -2.5                                              
     1103                                                                
      202                                                                
       -1                                                                
