HCPP6sub3/mmc#194 Pales centered in faces
 7.071068 7.071067    11.53      90.      90.     120.
             0.  1  0  0             0.  0  1  0             0.  0  0  1
                 0 -1  0                 1 -1  0                 0  0  1
                -1  1  0                -1  0  0                 0  0  1
                 0 -1  0                -1  0  0                 0  0  1
                 1  0  0                 1 -1  0                 0  0  1
                -1  1  0                 0  1  0                 0  0  1
             0. -1  0  0             0.  0 -1  0             0.  0  0 -1
                 0  1  0                -1  1  0                 0  0 -1
                 1 -1  0                 1  0  0                 0  0 -1
                 0  1  0                 1  0  0                 0  0 -1
                -1  0  0                -1  1  0                 0  0 -1
                 1 -1  0                 0 -1  0                 0  0 -1
             0. -1  0  0             0.  0 -1  0             .5  0  0  1
                 0  1  0                -1  1  0             .5  0  0  1
                 1 -1  0                 1  0  0             .5  0  0  1
                 0  1  0                 1  0  0             .5  0  0  1
                -1  0  0                -1  1  0             .5  0  0  1
                 1 -1  0                 0 -1  0             .5  0  0  1
             0.  1  0  0             0.  0  1  0             .5  0  0 -1
                 0 -1  0                 1 -1  0             .5  0  0 -1
                -1  1  0                -1  0  0             .5  0  0 -1
                 0 -1  0                -1  0  0             .5  0  0 -1
                 1  0  0                 1 -1  0             .5  0  0 -1
1               -1  1  0                 0  1  0             .5  0  0 -1
c2Peak                      .3333333 .6666667      .25
      .15                                                     7
a2 Pit                            .0       .0       .0
      .05                                                     7
f4 Pit                      .6666667 .3333333  .125000
      .05                                                     7
g6Pass                            .0       .5       .0
      .15      .05   155501   455501                          7
h6Pass                     -.1666667-.3333333      .25
      .15      .05   155501   165501                          7
b2Pale                          .0       .0        .25
      .05      .15   155501   155601                          7
d2Pale                      .3333333 .6666667      .75
      .05      .15   155501   155601                          7
k12Pal                      .4444444 .2222222 .0833333
1     .05      .15   255501   855501                          7
      102        1        8        1        8      4.0
      201
      301      7.0      8.5       12      2.5
      401   255501   355501
      405        2        3        6        8      3.0
      405        6        8        4        5      2.5
      405        4        5        1        1      4.0
      501   155501   155501   165501   155501   156501                 1
      502        1      -30        3       60        2       30
      502        1      -10
      503        2      2.5
      604       0.       0.       0.     4.00
     1101
  2   511
  2        1  1  4  5  4   3.0   4.0   .07
  2        2  3  6  8  2   1.0   3.0   .04
           4  5  6  8  1   1.0   3.0   .03
  1   705        4        0        1        0
                                   1        3
  1   702
                                   4        8
  2   802
  2        1  1  4  5  4   3.0   4.0   .07
  2        2  3  6  8  2   1.0   3.0   .04
           4  5  6  8  1   1.0   3.0   .03
  3   902   255501                 0     2.35      .10        0        0
HEXAGONAL CLOSE PACKED
     1102
      202      2.5
      503        2     -2.5
     1103
      202
       -1
