Hexagonal Diamond P6sub3/mmc#194
 7.071068 7.071067    11.53      90.      90.     120.
             0.  1  0  0             0.  0  1  0             0.  0  0  1
                 0 -1  0                 1 -1  0                 0  0  1
                -1  1  0                -1  0  0                 0  0  1
                 0 -1  0                -1  0  0                 0  0  1
                 1  0  0                 1 -1  0                 0  0  1
                -1  1  0                 0  1  0                 0  0  1
             0. -1  0  0             0.  0 -1  0             0.  0  0 -1
                 0  1  0                -1  1  0                 0  0 -1
                 1 -1  0                 1  0  0                 0  0 -1
                 0  1  0                 1  0  0                 0  0 -1
                -1  0  0                -1  1  0                 0  0 -1
                 1 -1  0                 0 -1  0                 0  0 -1
             0. -1  0  0             0.  0 -1  0             .5  0  0  1
                 0  1  0                -1  1  0             .5  0  0  1
                 1 -1  0                 1  0  0             .5  0  0  1
                 0  1  0                 1  0  0             .5  0  0  1
                -1  0  0                -1  1  0             .5  0  0  1
                 1 -1  0                 0 -1  0             .5  0  0  1
             0.  1  0  0             0.  0  1  0             .5  0  0 -1
                 0 -1  0                 1 -1  0             .5  0  0 -1
                -1  1  0                -1  0  0             .5  0  0 -1
                 0 -1  0                -1  0  0             .5  0  0 -1
                 1  0  0                 1 -1  0             .5  0  0 -1
1               -1  1  0                 0  1  0             .5  0  0 -1
f4Peak                      .3333333 .6666667    -.063
      .15                                                     7
b2 Pit                            .0       .0      .25
      .07                                                     7
c2 Pit                      .3333333 .6666667      .25
      .07                                                     7
d2Pass                      .6666667 .3333333      .25
      .13      .05   155501   455501   155501   156501        7
g6Pass                            .5       .5       0.
      .13      .05   155501   555501   155501   156501        7
a2Pale                            0.       0.       0.
      .03      .13   255501   655501   155501   165501        7
h6Pale                      .2222222 .4444444      .25
1     .03      .13   255501   755501   155501   155601        7
      201
      101        1        7        1        7      4.5
      303
      301      7.0      8.5       12      2.5
      401   255501   355501
      405        2        3        6        7      4.5
      405        2        3        4        5      5.5
      405        6        7        4        5     3.55
      405        4        5        1        1      3.0
      501   255501   155501   165501   155501   156501       1
      502        2       90
      502        2       20        1       20
      503        2      2.5
      604       0.       0.       0.     4.00
     1101
  2   511
  2        1  1  4  5  4   2.0   3.7   .07
  2        2  3  6  7  2   1.0   2.9   .04
           4  5  6  7  1   2.0   3.7   .03
  1   705        4        0        1        0
                                   1        3
  1   702
                                   4        7
  2   802
  2        1  1  4  5  4   2.0   3.7   .07
  2        2  3  6  7  2   1.0   2.9   .04
           4  5  6  7  1   2.0   3.7   .03
  3   902   155501               3.5     3.00      .10        0        0
HEXAGONAL DIAMOND
     1102
      202      2.5
      503        2     -2.5
     1103
      202
       -1
