 LYSOZYME MUTANT PROTEIN DATA BANK #216L - BLABER AND MATTHEWS
1 116.500   54.400   59.500    90.00   102.30    90.00
     X,Y,Z
     -X,Y,-Z
     X+1/2,Y+1/2,Z
2    -X+1/2,Y+1/2,-Z
# Polypeptide containing first 63 amino acids of protein.
      201
      301      5.0      3.5      15.       .4
      401   155501-50055501
      506
      502        3       90        1       35
      604                                  2.
      503        2      2.7
     1101
  2  1001                 1
  2        1  4  1  4  5   0.9   2.0   .08
  2        1  4  5  9  1   0.9   2.0   .02
           5  9  5  9  1   0.9   2.0   .02
  1   714        
                                   1        9        1
  2   812                 1
  2        1  4  1  4  5   0.9   2.0   .08
  2        1  4  5  9  1   0.9   2.0   .02
           5  9  5  9  1   0.9   2.0   .02
     1102
      202      2.3
      503        2     -2.7
     1103
      202
# 63 amino acid polypeptide with side chains eliminated.
# The origin, axes, and scale are unchanged from above.
      201
      301      5.0      3.5      15.       .4
      410
  2   402   155501      500        1      500      2.0
                 1  4  1
      503        2      2.7
     1101
  2  1001                 1
           1  4  1  4  5   0.9   2.0   .08
  1   714        
                                   1        4        1
  2   812                 1
           1  4  1  4  5   0.9   2.0   .08
     1102
      202      2.3
      503        2     -2.7
     1103
      202
# First 13 amino acids looking through alpha helix.
      201
      301      5.0      3.5      15.       .4
      410
  2   402   155501      500        1      500      2.0
           1 13  1 13  2
      506
      502        2      100        1       15
      604                                  2.
      503        2      2.7
     1101
  2  1001                 1
  2        1  4  1  4  5   0.9   2.0   .08
  2        1  4  5  9  1   0.9   2.0   .02
           5  9  5  9  1   0.9   2.0   .02
  1   714        
                                   1       13        2
  2   812                 1
  2        1  4  1  4  5   0.9   2.0   .08
  2        1  4  5  9  1   0.9   2.0   .02
           5  9  5  9  1   0.9   2.0   .02
     1102
      503        2     -2.7
      202      2.3
     1103
      202
       -1
