 MAGNESIUM HEXAANTIPYRINE PERCHLORATE (VIJAYAN)
    14.06    14.06     9.76      90.      90.     120.
             .0  1  0  0             .0  0  1  0             .0  0  0  1
             .0  0 -1  0             .0  1 -1  0             .0  0  0  1
             .0 -1  1  0             .0 -1  0  0             .0  0  0  1
             .0 -1  0  0             .0  0 -1  0             .0  0  0 -1
             .0  0  1  0             .0 -1  1  0             .0  0  0 -1
1            .0  1 -1  0             .0  1  0  0             .0  0  0 -1
   MG                        0.00000  0.00000  0.00000        0
  0.00150  0.00150  0.00265  0.00150  0.00000  0.00000        1
   CL                        0.66667  0.33333 -0.50314        0
  0.00670  0.00670  0.00519  0.00670  0.00000  0.00000        1
   02                        0.58655  0.22723 -0.55709        0
  0.01393  0.01162  0.01864  0.00739 -0.00242 -0.00435        1
   03                        0.66667  0.33333 -0.35591        0
  0.01360  0.01360  0.00382  0.01360  0.00000  0.00000        1
   01                        0.13829  0.06358 -0.12120        0
  0.00308  0.00413  0.00944  0.00220  0.00022 -0.00159        1
   N1                        0.29916  0.07352 -0.18726        0
  0.00391  0.00532  0.00426  0.00504  0.00009 -0.00321        1
   N2                        0.34004  0.04532 -0.30318        0
  0.00440  0.00537  0.00700  0.00586 -0.00097 -0.00574        1
   C1                        0.18901  0.03558 -0.20890        0
  0.00240  0.00235  0.00701  0.00237  0.00169 -0.00147        1
   C2                        0.16048 -0.01866 -0.33425        0
  0.00451  0.00464  0.00490  0.00402  0.00025  0.00015        1
   C3                        0.25223 -0.01247 -0.38751        0
  0.00454  0.00484  0.00228  0.00390  0.00184 -0.00179        1
   C4                        0.26993 -0.06365 -0.52208        0
  0.00891  0.01016  0.00699  0.01158 -0.00240 -0.00386        1
   C5                        0.44632  0.04669 -0.29472        0
  0.00401  0.00694  0.01324  0.00875  0.00125 -0.00351        1
   C6                        0.36818  0.14736 -0.08308        0
  0.00324  0.00344  0.00420  0.00470  0.00313 -0.00118        1
   C7                        0.34939  0.11091  0.05239        0
  0.00517  0.00775  0.00362  0.00429  0.00132  0.00039        1
   C8                        0.41763  0.18423  0.15506        0
  0.00598  0.00669  0.00708  0.00734  0.00448  0.00000        1
   C9                        0.49907  0.28867  0.12309        0
  0.00668  0.00692  0.00911  0.00821  0.00038  0.00047        1
  C10                        0.51487  0.32361 -0.01219        0
  0.00526  0.00616  0.01573  0.00296 -0.00140  0.00011        1
  C11                        0.45001  0.25299 -0.12060        0
  0.00463  0.00375  0.01113  0.00246 -0.00135  0.00178        1
                             0.50000  0.50000   .50000
1
      201
      301      8.0      6.0       12     .800
      401   155501  -166601   255601  -455601   266504  -466504
  1   401   555601 -1855601   565602 -1865602   566603 -1866603
            566504 -1866504   556505 -1856505   555506 -1855506
      501  1955501   155501   165501   155501   156501                 1
      604
      503        2        3
      601      4.0
  2  1001
  2        2 18  2 18  2   1.0   1.8   .06
  2        1  1  2 18  1   1.8   2.2   .02
  2        1  1  1  1  1   9.7   9.8   .01
           1  1  1  1  1  14.0  14.1   .01
      715        4        0        1        0
  2   812
  2        2 18  2 18  2   1.0   1.8   .06
  2        1  1  2 18  1   1.8   2.2   .02
  2        1  1  1  1  1   9.7   9.8   .01
           1  1  1  1  1  14.0  14.1   .01
  3   902  1955501                        .50      .12
MAGNESIUM HEXAANTIPYRINE PERCHLORATE
      202
       -1
