NaCl Fm3m peak-a,b=m3m; pit c=4bar3m; pale-d=mmm; pass-e=4mm
  10.0000  10.0000  10.0000       0.       .0       0.
             0.  1  0  0             0.  0  1  0             0.  0  0  1
                 0  0  1                 1  0  0                 0  1  0
                 0  1  0                 0  0  1                 1  0  0
                 1  0  0                 0  0  1                 0  1  0
                 0  1  0                 1  0  0                 0  0  1
                 0  0  1                 0  1  0                 1  0  0
             0.  1  0  0             0.  0 -1  0             0.  0  0 -1
                 0  0 -1                 1  0  0                 0 -1  0
                 0 -1  0                 0  0 -1                 1  0  0
                 1  0  0                 0  0 -1                 0 -1  0
                 0 -1  0                 1  0  0                 0  0 -1
                 0  0 -1                 0 -1  0                 1  0  0
             0. -1  0  0             0.  0  1  0             0.  0  0 -1
                 0  0 -1                -1  0  0                 0  1  0
                 0  1  0                 0  0 -1                -1  0  0
                -1  0  0                 0  0 -1                 0  1  0
                 0  1  0                -1  0  0                 0  0 -1
                 0  0 -1                 0  1  0                -1  0  0
             0. -1  0  0             0.  0 -1  0             0.  0  0  1
                 0  0  1                -1  0  0                 0 -1  0
                 0 -1  0                 0  0  1                -1  0  0
                -1  0  0                 0  0  1                 0 -1  0
                 0 -1  0                -1  0  0                 0  0  1
                 0  0  1                 0 -1  0                -1  0  0
             0. -1  0  0             0.  0 -1  0             0.  0  0 -1
                 0  0 -1                -1  0  0                 0 -1  0
                 0 -1  0                 0  0 -1                -1  0  0
                -1  0  0                 0  0 -1                 0 -1  0
                 0 -1  0                -1  0  0                 0  0 -1
                 0  0 -1                 0 -1  0                -1  0  0
             0. -1  0  0             0.  0  1  0             0.  0  0  1
                 0  0  1                -1  0  0                 0  1  0
                 0  1  0                 0  0  1                -1  0  0
                -1  0  0                 0  0  1                 0  1  0
                 0  1  0                -1  0  0                 0  0  1
                 0  0  1                 0  1  0                -1  0  0
             0.  1  0  0             0.  0 -1  0             0.  0  0  1
                 0  0  1                 1  0  0                 0 -1  0
                 0 -1  0                 0  0  1                 1  0  0
                 1  0  0                 0  0  1                 0 -1  0
                 0 -1  0                 1  0  0                 0  0  1
                 0  0  1                 0 -1  0                 1  0  0
             0.  1  0  0             0.  0  1  0             0.  0  0 -1
                 0  0 -1                 1  0  0                 0  1  0
                 0  1  0                 0  0 -1                 1  0  0
                 1  0  0                 0  0 -1                 0  1  0
                 0  1  0                 1  0  0                 0  0 -1
1                0  0 -1                 0  1  0                 1  0  0
b Cl                              .0       .0       .0
      .15                                                     7
b Cl                              .0       .5       .5
      .15                                                     7
b Cl                              .5       .0       .5
      .15                                                     7
b Cl                              .5       .5       .0
      .15                                                     7
  Na                              .5       .0       .0
      .10                                                     7
  Na                              .5       .5       .5
      .10                                                     7
  Na                              .0       .5       .0
      .10                                                     7
  Na                              .0       .0       .5
      .10                                                     7
c Pit                            .25      .25      .25
      .05                                                     7
c Pit                            .25      .75      .75
      .05                                                     7
c Pit                            .75      .25      .75
      .05                                                     7
c Pit                            .75      .75      .25
      .05                                                     7
  Pass                           .25      .00      .00
      .18      .04   155501   555501   155501   155601        7
  Pass                           .75      .50      .00
      .18      .04   155501   555501   155501   155601        7
  Pass                           .75      .00      .50
      .18      .04   155501   555501   155501   155601        7
  Pass                           .25      .50      .50
      .18      .04   155501   555501   155501   155601        7
  Pale                          .250     .250     .000
      .03      .15   155501   155601   155501   165501        7
  Pale                          .750     .750     .000
      .03      .15   155501   155601   155501   165501        7
  Pale                          .750     .250     .500
      .03      .15   155501   155601   155501   165501        7
  Pale                          .250     .750     .500
      .03      .15   155501   155601   155501   165501        7
center                          .250     .250     .250
1     .02                                                     7
      201
      301      8.5      8.5       12      2.5
      404  2155501  2155501        1       20      .26      .26      .26
      501  2155501   155501   165501   155501   156501                 1
      502        2       20        1       20
      503        2      2.5
      604       0.       0.       0.     4.00
  2  1001
  2        1  8 13 16  4   2.0   3.6   .07
  2        9 12 17 20  2   2.0   2.6   .04
          13 16 17 20  1   2.0   2.6   .03
  1   715        4        0        1        0
                                   1       12
  1   712
                                  13       20
  2   812
  2        1  8 13 16  4   2.0   3.6   .07
  2        9 12 17 20  2   2.0   2.6   .04
          13 16 17 20  1   2.0   2.6   .03
      202
       -1
